ServiceNo,Operator,Direction,Category,OriginCode,DestinationCode,AM_Peak_Freq,AM_Offpeak_Freq,PM_Peak_Freq,PM_Offpeak_Freq,LoopDesc
118,GAS,1,TRUNK,65009,97009,5-08,8-12,8-10,09-14,
118,GAS,2,TRUNK,97009,65009,10-10,8-11,4-08,9-12,
118A,GAS,1,TRUNK,65009,96119,06-66,-,-,-,
118B,GAS,1,TRUNK,96111,65191,-,-,24-57,-,
119,GAS,1,TRUNK,65009,65009,09-13,12-18,12-15,15-17,Hougang St 21
12,GAS,1,TRUNK,77009,10499,09-10,09-14,10-12,12-14,
12,GAS,2,TRUNK,10499,77009,10-11,09-15,08-12,12-13,
12e,GAS,1,EXPRESS,77009,10499,30-30,30-30,30-30,-,
12e,GAS,2,EXPRESS,10499,77009,-,30-30,30-30,30-30,
136,GAS,1,TRUNK,54009,65009,09-13,10-13,10-15,15-19,
136,GAS,2,TRUNK,65009,54009,08-15,11-16,10-11,17-20,
15,GAS,1,TRUNK,77009,77009,04-09,04-13,07-15,13-16,Marine Parade Rd
15A,GAS,1,TRUNK,77009,83109,09-17,-,-,-,
17,GAS,1,TRUNK,77009,84009,08-11,10-12,10-11,11-15,
17,GAS,2,TRUNK,84009,77009,05-11,05-12,05-12,05-12,
17A,GAS,1,TRUNK,84009,84591,04-22,10-46,10-22,22-24,Bedok Nth Dr
2,GAS,1,TRUNK,99009,10499,10-10,09-16,09-18,14-18,
2,GAS,2,TRUNK,10499,99009,08-12,09-17,09-10,10-18,
2B,GAS,1,TRUNK,99009,84039,18-62,-,17-55,-,
3,GAS,1,TRUNK,75009,65009,07-11,09-14,08-09,12-14,
3,GAS,2,TRUNK,65009,75009,08-10,09-15,09-12,12-17,
34,GAS,1,TRUNK,65009,65009,4-9,4-15,9-13,11-14,PTB2 Basement
34A,GAS,1,TRUNK,65009,76059,19-40,22-38,-,-,PTB2 Basement
34B,GAS,1,TRUNK,75359,75351,-,-,-,-,
354,GAS,1,FEEDER,77009,77009,7-08,7-09,7-08,08-15,Jln Loyang Besar
358,GAS,1,FEEDER,77009,77009,05-07,07-08,05-07,05-13,Pasir Ris Dr 10
359,GAS,1,FEEDER,77009,77009,04-08,05-11,04-11,03-12,Pasir Ris St 71
359,GAS,2,FEEDER,77009,77009,04-08,05-11,04-11,03-12,Pasir Ris St 71
36,GAS,1,TRUNK,95129,95129,08-08,08-11,07-09,07-12,Tomlinson Rd
36A,GAS,1,TRUNK,95129,09191,-,-,-,-,
36B,GAS,1,TRUNK,93049,93199,08-08,08-288,08-135,-,
381,GAS,1,FEEDER,65009,65009,10-10,10-12,10-12,10-15,Punggol East
382,GAS,1,FEEDER,65009,65009,8,8-10,8-10,8-12,Sumang Walk
382,GAS,2,FEEDER,65009,65009,8,8-10,8-10,8-12,Sumang Walk
382A,GAS,1,FEEDER,65009,65531,-,-,-,24-24,
382G,GAS,1,FEEDER,65009,65009,8-08,8-10,8-10,8-12,Sumang Walk
382W,GAS,1,FEEDER,65009,65009,08-08,08-10,08-10,08-12,Sumang Walk
384,GAS,1,FEEDER,65009,65009,15-15,15-15,15-15,15-20,Northshore Dr
386,GAS,1,FEEDER,65009,65009,07-08,10-15,07-10,07-15,Punggol Ctrl
386A,GAS,1,FEEDER,65009,65371,-,-,22-40,25-30,
3A,GAS,1,TRUNK,75009,77331,-,68-68,-,12-12,
403,GAS,1,TRUNK,77009,77009,13-13,13-19,14-19,14-25,Pasir Ris Rd
43,GAS,1,TRUNK,65009,94009,09-10,13-16,13-15,15-16,
43,GAS,2,TRUNK,94009,65009,10-15,14-17,10-11,13-18,
43e,GAS,1,EXPRESS,65009,92051,15-20,20-20,-,-,
43e,GAS,2,EXPRESS,92059,65009,-,-,15-20,20-20,
43M,GAS,1,TRUNK,65009,65009,09-10,10-18,10-12,15-16,S'goon Ctrl
518,GAS,1,EXPRESS,77009,77009,10-20,15-20,15-20,13-20,Bayfront Ave
518A,GAS,1,EXPRESS,77009,03519,30-30,-,-,-,
6,GAS,1,TRUNK,77009,77009,07-08,07-17,07-08,08-08,Loyang Cres
62,GAS,1,TRUNK,65009,65009,07-09,08-17,09-14,14-25,Sims Ave
62A,GAS,1,TRUNK,65009,81089,00-00,00-00,28,28,Sims Ave
661,GAS,1,CITY_LINK,78111,03391,20-20,-,-,-,
661,GAS,2,CITY_LINK,03539,78119,-,-,15-15,-,
666,GAS,1,CITY_LINK,65309,03391,15-15,-,-,-,
666,GAS,2,CITY_LINK,03539,65301,-,-,15-15,-,
68,GAS,1,TRUNK,77009,77009,15-15,15-15,15-15,15-15,Tampines Ctrl 1
68A,GAS,1,TRUNK,75469,75009,15-16,-,-,-,
68B,GAS,1,TRUNK,75009,75461,-,-,14-15,-,
82,GAS,1,TRUNK,65009,65009,15-15,15-16,15-15,15-18,S'goon Ctrl
83,GAS,1,TRUNK,65009,65009,14-15,14-15,13-14,13-16,Sengkang Sq
83T,GAS,1,TRUNK,65009,67009,-,-,-,15-15,
84A,GAS,1,TRUNK,65009,65729,02-06,-,-,-,
84G,GAS,1,TRUNK,65009,65009,10-11,08-12,10-12,12-17,New Punggol Road
84W,GAS,1,TRUNK,65009,65009,12-12,08-12,07-08,07-15,New Punggol Road
85,GAS,1,TRUNK,65009,59009,09-15,09-16,09-10,14-18,
85,GAS,2,TRUNK,59009,65009,10-14,10-15,09-10,11-18,
85A,GAS,1,TRUNK,59009,67441,-,-,39-39,-,
10,SBST,1,TRUNK,75009,16009,09-09,07-16,10-17,15-17,
10,SBST,2,TRUNK,16009,75009,09-11,09-16,08-13,13-16,
100,SBST,1,TRUNK,66009,11009,06-12,05-20,10-13,13-15,
100,SBST,2,TRUNK,11009,66009,07-08,06-13,08-10,14-15,
100A,SBST,1,TRUNK,66009,81089,17-45,-,19-28,15-19,
101,SBST,1,TRUNK,66009,66009,08-09,07-13,08-09,08-14,Buangkok Cres
102,SBST,1,TRUNK,64009,64009,09-11,10-13,10-12,12-16,Seletar Aerospace Dr
102A,SBST,1,TRUNK,67409,67991,-,-,-,-,
102B,SBST,1,TRUNK,67999,67401,10-10,-,-,-,
103,SBST,1,TRUNK,66009,59009,10-13,10-14,11-15,16-16,
103,SBST,2,TRUNK,59009,66009,10-11,10-15,10-12,14-17,
105,SBST,1,TRUNK,66009,28009,09-11,07-13,12-14,11-14,
105,SBST,2,TRUNK,28009,66009,07-15,08-15,10-14,11-15,
105B,SBST,1,TRUNK,28009,17179,14-14,-,-,-,
107,SBST,1,TRUNK,64009,03239,07-10,10-17,11-16,18-18,
107,SBST,2,TRUNK,03239,64009,14-15,10-16,09-13,13-13,
107M,SBST,1,TRUNK,64009,64009,14-15,13-16,15-16,13-16,Raffles Blvd
109,SBST,1,TRUNK,66009,99009,09-14,10-15,15-19,11-18,
109,SBST,2,TRUNK,99009,66009,10-15,10-15,10-13,13-18,
109A,SBST,1,TRUNK,66009,64611,-,-,12-19,14-28,
10e,SBST,1,EXPRESS,85049,03217,10-14,-,-,-,
10e,SBST,2,EXPRESS,03222,85041,-,-,10-10,-,
11,SBST,1,TRUNK,80009,80009,15-17,15-19,15-19,15-25,Rhu Cross
111,SBST,1,TRUNK,11009,11009,09-11,11-13,10-11,10-14,Temasek Ave
112,SBST,1,TRUNK,64009,64009,11-15,11-16,12-15,14-18,Hougang St 92
112A,SBST,1,TRUNK,64009,63031,-,-,-,15-15,
113,SBST,1,TRUNK,64009,64009,12-14,11-16,15-16,11-15,Upp Paya Lebar Rd
113A,SBST,1,TRUNK,63039,63031,15-15,-,15-20,26-26,Upp Paya Lebar Rd
114,SBST,1,TRUNK,67601,67609,09-11,11-15,09-13,09-20,Buangkok Cres
114A,SBST,1,TRUNK,67601,66579,-,-,-,16-17,Buangkok Cres
115,SBST,1,TRUNK,63221,63221,15-15,15-19,15-19,15-15,Hougang Ave 3
116,SBST,1,TRUNK,64009,64009,09-11,09-13,09-10,09-14,S'goon Ctrl
116A,SBST,1,TRUNK,66439,66359,30-31,-,-,-,
117,SBST,1,TRUNK,65009,58009,13-13,11-15,-,14-15,
117,SBST,2,TRUNK,58009,65009,11-11,09-15,-,12-15,
117A,SBST,1,TRUNK,59779,59041,15-36,-,-,-,
117M,SBST,1,TRUNK,65009,58009,13-14,-,10-12,-,
117M,SBST,2,TRUNK,58009,65009,11-15,-,10-11,-,
120,SBST,1,TRUNK,10499,10499,13-15,14-16,15-15,15-18,Telok Blangah Hts
121,SBST,1,TRUNK,03239,03239,04-09,07-12,07-07,10-13,Telok Blangah Rise
122,SBST,1,TRUNK,10499,10499,13-15,13-17,14-20,20-25,C'wealth Dr
123,SBST,1,TRUNK,10009,14539,11-14,13-16,14-14,14-18,
123,SBST,2,TRUNK,14539,10009,12-12,12-15,14-15,15-17,
123M,SBST,1,TRUNK,14009,14009,11-11,11-15,10-11,13-14,Tiong Bahru Rd
124,SBST,1,TRUNK,52499,14009,07-09,08-13,07-12,10-13,
124,SBST,2,TRUNK,14009,52499,07-08,08-13,08-09,08-13,
125,SBST,1,TRUNK,52499,52499,11-12,10-18,10-16,15-18,Sims Dr
125A,SBST,1,TRUNK,81081,60219,09-12,-,-,-,
127,SBST,1,TRUNK,75009,75009,10-10,15-20,10-15,10-24,Tampines Ind Ave 5
127A,SBST,1,TRUNK,75009,75519,-,-,-,20-20,
129,SBST,1,TRUNK,74009,52499,12-12,12-16,12-15,15-23,
129,SBST,2,TRUNK,52499,74009,12-12,12-16,12-12,12-25,
129A,SBST,1,TRUNK,75229,62071,18-49,-,22-42,-,
129B,SBST,1,TRUNK,62099,75221,19-19,19-19,23-45,-,
13,SBST,1,TRUNK,55509,94009,09-10,08-14,12-13,13-17,
13,SBST,2,TRUNK,94009,55509,10-13,09-13,08-10,11-18,
130,SBST,1,TRUNK,54009,03239,08-10,10-15,11-16,15-17,
130,SBST,2,TRUNK,03239,54009,13-14,11-15,11-11,14-15,
131,SBST,1,TRUNK,52499,10009,06-11,09-14,09-12,11-14,
131,SBST,2,TRUNK,10009,52499,08-11,09-14,09-16,11-16,
131A,SBST,1,TRUNK,52499,03217,14-18,-,-,-,
132,SBST,1,TRUNK,64009,10009,11-16,12-19,14-18,14-19,
132,SBST,2,TRUNK,10009,64009,13-14,11-19,14-15,15-16,
133,SBST,1,TRUNK,54009,03239,08-09,08-14,08-12,11-13,
133,SBST,2,TRUNK,03239,54009,10-12,08-13,08-11,10-13,
134,SBST,1,TRUNK,80289,80289,10-10,11-13,11-13,11-12,Marine Terr
135,SBST,1,TRUNK,54009,83321,10-12,10-12,11-11,13-16,
135,SBST,2,TRUNK,83321,54009,09-12,10-12,11-12,12-15,
137,SBST,1,TRUNK,80289,94009,13-14,14-17,11-14,14-17,
137,SBST,2,TRUNK,94009,80289,12-13,11-17,10-17,15-17,
137A,SBST,1,TRUNK,84031,84451,15-18,-,-,-,
138,SBST,1,TRUNK,54009,54009,12-13,09-15,09-14,12-13,Mandai Lake Rd
138A,SBST,1,TRUNK,54009,48131,-,13-14,-,-,Mandai Lake Rd
138B,SBST,1,TRUNK,54009,55121,-,-,12-12,04-13,
139,SBST,1,TRUNK,52009,10009,09-10,13-15,10-12,14-17,
139,SBST,2,TRUNK,10009,52009,09-12,09-15,08-14,13-17,
139A,SBST,1,TRUNK,52009,52109,-,-,-,27-27,
13A,SBST,1,TRUNK,54019,53231,07-21,12-17,-,-,
14,SBST,1,TRUNK,84009,17009,10-11,10-16,14-15,14-25,
14,SBST,2,TRUNK,17009,84009,13-14,10-15,11-16,16-17,
140,SBST,1,TRUNK,80009,80009,14-14,14-15,15-15,14-15,St. Wilfred Rd
141,SBST,1,TRUNK,80009,52009,12-14,14-16,15-15,13-23,
141,SBST,2,TRUNK,52009,80009,12-12,11-16,11-16,15-25,
142,SBST,1,TRUNK,52009,52009,08-09,09-13,08-08,08-16,Potong Pasir Ave 1
142A,SBST,1,TRUNK,52009,60209,-,-,-,-,Potong Pasir Ave 1
145,SBST,1,TRUNK,52009,11379,07-08,07-15,09-10,13-14,
145,SBST,2,TRUNK,11379,52009,08-09,07-12,06-09,08-13,
145A,SBST,1,TRUNK,10209,14249,08-26,09-24,-,-,
146,SBST,1,TRUNK,62061,62069,12-12,15-15,12-15,12-15,Bidadari Pk Dr
147,SBST,1,TRUNK,64009,17009,08-10,10-13,10-12,09-12,
147,SBST,2,TRUNK,17009,64009,09-10,09-13,10-12,09-12,
147A,SBST,1,TRUNK,64009,05019,18-20,18-52,-,-,
14A,SBST,1,TRUNK,84009,09059,18-18,14-24,-,-,
14e,SBST,1,EXPRESS,84211,09048,12-13,-,-,-,
14e,SBST,2,EXPRESS,09048,84219,-,-,12-12,-,
150,SBST,1,TRUNK,82009,82009,12-12,14-15,11-15,12-24,Marine Terr
151,SBST,1,TRUNK,64009,16009,06-12,05-16,08-10,14-17,
151,SBST,2,TRUNK,16009,64009,07-13,06-17,07-09,09-20,
153,SBST,1,TRUNK,10009,64009,14-14,11-15,09-11,15-18,
153,SBST,2,TRUNK,64009,10009,10-15,13-16,13-14,17-18,
154,SBST,1,TRUNK,22009,82009,05-10,06-11,07-10,11-17,
154,SBST,2,TRUNK,82009,22009,11-13,06-13,08-11,11-15,
154A,SBST,1,TRUNK,21551,28091,19-22,-,-,-,
154B,SBST,1,TRUNK,22009,12101,11-19,-,-,-,
155,SBST,1,TRUNK,52009,84009,12-15,14-18,16-19,15-18,
155,SBST,2,TRUNK,84009,52009,13-13,13-19,16-17,15-18,
156,SBST,1,TRUNK,67009,17009,10-15,10-18,11-16,14-22,
156,SBST,2,TRUNK,17009,67009,12-14,10-18,12-18,15-23,
157,SBST,1,TRUNK,52009,22009,10-11,08-14,07-10,12-15,
157,SBST,2,TRUNK,22009,52009,08-13,07-14,08-11,11-13,
158,SBST,1,TRUNK,66009,66009,12-15,12-17,13-15,16-24,Rhu Cross
158A,SBST,1,TRUNK,81089,81081,26-26,-,-,-,Rhu Cross
159,SBST,1,TRUNK,67009,52009,10-12,06-12,09-11,09-16,
159,SBST,2,TRUNK,52009,67009,12-14,09-13,05-11,10-16,
159A,SBST,1,TRUNK,67009,54399,11-23,14-17,-,-,
159B,SBST,1,TRUNK,54391,54481,06-53,-,-,-,
16,SBST,1,TRUNK,84009,10009,17-18,09-26,10-12,11-13,
16,SBST,2,TRUNK,10009,84009,08-12,19-26,07-13,10-13,
160,SBST,1,TRUNK,29009,29009,15-20,12-20,14-15,15-20,Jln Jim Quee
160A,SBST,1,TRUNK,29009,43671,09-49,05-44,12-19,16-51,
161,SBST,1,TRUNK,64009,46009,05-10,07-13,08-09,09-14,
161,SBST,2,TRUNK,46009,64009,06-10,08-13,06-08,07-13,
162,SBST,1,TRUNK,55509,55509,11-11,14-17,15-15,15-22,Sin Ming Dr
162,SBST,2,TRUNK,,,13-14,14-17,15-18,18-18,Sin Ming Dr
163,SBST,1,TRUNK,67009,52009,13-15,12-15,13-18,14-16,
163,SBST,2,TRUNK,52009,67009,14-14,12-16,12-15,13-17,
163A,SBST,1,TRUNK,67009,67651,-,-,-,16-17,
163B,SBST,1,TRUNK,67009,55039,66-66,-,-,-,
165,SBST,1,TRUNK,64009,17009,09-12,11-14,12-13,12-16,
165,SBST,2,TRUNK,17009,64009,10-11,11-14,10-13,13-16,
166,SBST,1,TRUNK,54009,17009,09-10,09-18,10-14,14-18,
166,SBST,2,TRUNK,17009,54009,10-12,08-16,11-18,15-19,
168,SBST,1,TRUNK,84009,46009,05-07,06-12,05-09,11-13,
168,SBST,2,TRUNK,46009,84009,05-07,06-12,07-09,09-13,
168A,SBST,1,TRUNK,46009,76149,-,-,14-14,-,
16M,SBST,1,TRUNK,84009,10009,17-18,18-26,-,-,
16M,SBST,2,TRUNK,10009,84009,-,19-26,-,-,
170,SBST,1,TRUNK,01109,46239,15-20,15-20,15-18,18-20,
170,SBST,2,TRUNK,46239,01109,15-20,15-20,15-18,20-20,
170X,SBST,1,TRUNK,45131,47711,02-09,03-09,05-08,02-11,
170X,SBST,2,TRUNK,47711,45139,-,04-09,-,08-11,
174,SBST,1,TRUNK,22009,10499,09-10,04-14,08-18,13-18,
174,SBST,2,TRUNK,10499,22009,13-15,07-14,13-16,14-16,
174e,SBST,1,EXPRESS,22009,10499,13-13,-,-,-,
174e,SBST,2,EXPRESS,10499,22009,-,-,13-14,-,
175,SBST,1,TRUNK,17009,80009,10-15,10-20,15-20,20-23,
175,SBST,2,TRUNK,80009,17009,11-12,12-19,11-20,19-22,
18,SBST,1,TRUNK,74009,84299,07-16,15-16,15-16,16-25,
18,SBST,2,TRUNK,84299,74009,12-15,12-16,14-15,15-22,
186,SBST,1,TRUNK,03239,52499,15-17,11-18,11-14,11-22,
186,SBST,2,TRUNK,52499,03239,09-14,12-18,13-18,17-25,
19,SBST,1,TRUNK,75009,75009,06-07,07-16,06-09,09-14,Airport Cargo Rd
191,SBST,1,TRUNK,11379,11379,15-20,15-20,15-15,20-20,Portsdown Rd
195,SBST,1,TRUNK,02101,02089,10-16,09-16,10-16,14-15,C'wealth Ave
195A,SBST,1,TRUNK,02101,10169,-,10-10,-,-,C'wealth Ave
196,SBST,1,TRUNK,84009,17009,07-08,07-13,10-14,13-23,
196,SBST,2,TRUNK,17009,84009,11-13,05-12,08-10,11-24,
196A,SBST,1,TRUNK,84009,03218,-,-,-,-,
196e,SBST,1,EXPRESS,93049,03218,08-08,-,-,-,
196e,SBST,2,EXPRESS,03222,93041,-,-,08-08,-,
197,SBST,1,TRUNK,84009,28009,11-12,11-18,13-15,14-16,
197,SBST,2,TRUNK,28009,84009,09-13,11-14,10-14,13-16,
198,SBST,1,TRUNK,22009,10009,05-06,08-12,08-09,05-15,
198,SBST,2,TRUNK,10009,22009,07-08,05-12,07-10,11-16,
198A,SBST,1,TRUNK,22009,28459,-,-,08-17,08-18,
20,SBST,1,TRUNK,75009,75009,09-10,10-16,09-13,13-22,Changi Business Pk Ave 3
200,SBST,1,TRUNK,11379,11379,10-11,09-17,10-12,16-23,Clementi Rd
200A,SBST,1,TRUNK,11379,16009,-,-,-,-,Clementi Rd
201,SBST,1,TRUNK,16009,16009,09-11,08-13,10-13,10-14,Pandan Gdns
20A,SBST,1,TRUNK,96139,96301,39-39,-,-,-,Changi Business Pk Ave 3
21,SBST,1,TRUNK,77009,52499,07-12,11-14,12-16,14-16,
21,SBST,2,TRUNK,52499,77009,10-13,08-14,08-16,12-16,
21A,SBST,1,TRUNK,80089,07231,-,-,09-22,-,
22,SBST,1,TRUNK,54009,82009,09-10,09-15,09-10,12-22,
22,SBST,2,TRUNK,82009,54009,09-10,09-16,09-10,09-25,
222,SBST,1,FEEDER,84009,84009,04-06,04-10,05-06,08-14,Chai Chee Dr
222A,SBST,1,FEEDER,84009,84039,25-25,-,-,-,
222B,SBST,1,FEEDER,84039,84031,35-40,-,36-36,48-48,Chai Chee Dr
225G,SBST,1,FEEDER,84009,84009,03-05,03-12,03-06,04-12,Bedok Nth St 3
225W,SBST,1,FEEDER,84009,84009,05-06,04-09,04-07,04-10,Bedok Nth St 3
228,SBST,1,FEEDER,84009,84009,07-09,07-13,08-08,08-19,Bedok Reservoir Rd
229,SBST,1,FEEDER,84009,84009,08-09,07-14,08-08,07-16,Bedok Sth Rd
23,SBST,1,TRUNK,75009,75009,06-07,06-12,07-09,09-16,Rochor Canal Rd
230,SBST,1,FEEDER,52009,52009,10-10,12-12,10-12,10-15,Toa Payoh East
231,SBST,1,FEEDER,52009,52009,07-08,07-13,07-08,07-11,Lor 5 Toa Payoh
232,SBST,1,FEEDER,52009,52009,05-06,05-09,05-06,06-11,Toa Payoh East
235,SBST,1,FEEDER,52009,52009,04-07,04-10,05-06,06-12,Toa Payoh Lk
238,SBST,1,FEEDER,52009,52009,03-05,03-06,02-06,03-06,Lor 8 Toa Payoh
24,SBST,1,TRUNK,54009,54009,08-09,09-12,07-12,12-15,PTB2 Basement
25,SBST,1,TRUNK,54009,94009,05-06,05-12,05-10,10-17,
25,SBST,2,TRUNK,94009,54009,05-06,04-12,05-08,06-15,
26,SBST,1,TRUNK,84009,52009,08-10,09-13,09-11,10-12,
26,SBST,2,TRUNK,52009,84009,08-10,09-13,10-12,11-13,
261,SBST,1,FEEDER,54009,54009,03-05,05-07,04-07,05-09,Ang Mo Kio Ave 10
262,SBST,1,FEEDER,54009,54009,07-15,09-24,07-19,08-16,Ang Mo Kio Ave 2
265,SBST,1,FEEDER,55009,55009,05-07,05-11,05-07,06-13,Ang Mo Kio Ave 10
268,SBST,1,FEEDER,55009,55009,06-08,07-13,07-08,07-14,Ang Mo Kio Ave 5
268A,SBST,1,FEEDER,55009,54659,27-32,-,-,-,Ang Mo Kio Ave 5
268B,SBST,1,FEEDER,55309,54261,14-24,-,41-41,-,
268C,SBST,1,FEEDER,54269,55301,36-38,-,34-38,-,
269,SBST,1,FEEDER,54009,54009,04-06,04-08,03-06,03-14,Ang Mo Kio St 61
269A,SBST,1,FEEDER,54009,55169,-,19-20,19-48,10-50,Ang Mo Kio St 61
27,SBST,1,TRUNK,64009,64009,06-07,06-08,06-11,09-11,PTB2 Basement
272,SBST,1,FEEDER,10009,10009,06-08,07-12,07-09,08-11,Telok Blangah Rise
273,SBST,1,FEEDER,10009,10009,06-09,07-11,07-10,07-12,Henderson Rd
27A,SBST,1,TRUNK,67261,76139,02-11,02-12,-,-,
28,SBST,1,TRUNK,75009,52009,09-12,07-14,13-14,13-14,
28,SBST,2,TRUNK,52009,75009,11-12,09-15,08-11,12-17,
29,SBST,1,TRUNK,75009,75009,09-11,09-15,09-10,10-16,Changi Village Rd
291,SBST,1,FEEDER,75009,75009,03-05,03-07,03-06,05-12,Tampines St 81
292,SBST,1,FEEDER,75009,75009,06-08,10-15,06-07,10-14,Tampines St 22
293,SBST,1,FEEDER,75009,75009,04-06,03-08,04-07,05-20,Tampines St 71
296,SBST,1,FEEDER,75009,75009,10-10,15-15,09-15,10-17,Tampines Nth Dr 2
298,SBST,1,FEEDER,74009,74009,10-12,10-13,10-13,10-16,Tampines Ave 5
29A,SBST,1,TRUNK,75009,76241,-,-,30-39,30-30,
30,SBST,1,TRUNK,84009,22009,09-09,09-17,10-16,15-17,
30,SBST,2,TRUNK,22009,84009,10-10,08-16,07-10,11-19,
30e,SBST,1,EXPRESS,84009,16061,12-12,-,-,-,
30e,SBST,2,EXPRESS,16069,84009,-,-,12-12,-,
31,SBST,1,TRUNK,75009,52009,07-11,08-16,09-11,14-15,
31,SBST,2,TRUNK,52009,75009,08-11,09-15,08-11,14-16,
315,SBST,1,FEEDER,66009,66009,04-06,04-10,04-07,05-12,S'goon Nth Ave 5
317,SBST,1,FEEDER,66009,66009,07-08,07-11,08-10,08-13,Berwick Dr
31A,SBST,1,TRUNK,75009,85099,08-11,10-29,-,-,
32,SBST,1,TRUNK,84009,11379,11-16,12-18,14-18,18-19,
32,SBST,2,TRUNK,11379,84009,12-13,12-19,12-14,18-25,
324,SBST,1,FEEDER,64009,64009,08-10,08-13,08-08,10-14,Upp Serangoon View
325,SBST,1,FEEDER,64009,64009,06-08,06-13,06-08,08-20,Hougang St 91
329,SBST,1,FEEDER,64009,64009,07-09,11-12,08-12,08-12,Buangkok Cres
33,SBST,1,TRUNK,84009,16009,14-15,09-15,15-15,14-17,
33,SBST,2,TRUNK,16009,84009,12-14,10-18,10-11,12-16,
33A,SBST,1,TRUNK,16009,10149,-,24-24,-,-,
33B,SBST,1,TRUNK,84009,81179,45-45,-,-,-,
35,SBST,1,TRUNK,84009,84009,10-10,09-15,09-14,15-15,Alps Ave
35M,SBST,1,TRUNK,84009,84009,-,-,-,15-24,Tanah Merah Ferry Rd
37,SBST,1,TRUNK,75009,75009,05-08,05-16,09-12,12-12,Changi Nth Cres
371,SBST,1,FEEDER,67009,67009,07-08,10-11,06-11,08-11,Rivervale Cres
372,SBST,1,FEEDER,67009,67009,04-06,04-11,05-08,05-11,Punggol Rd
374,SBST,1,FEEDER,67759,67759,11-11,11-12,11-12,11-15,Fernvale Rd
38,SBST,1,TRUNK,75009,84009,08-10,09-15,09-15,14-15,
38,SBST,2,TRUNK,84009,75009,09-10,09-15,09-10,13-15,
39,SBST,1,TRUNK,75019,59009,08-13,11-15,10-17,15-17,
39,SBST,2,TRUNK,59009,75019,09-12,08-15,09-10,13-16,
39A,SBST,1,TRUNK,77031,68119,-,-,21-31,-,
39B,SBST,1,TRUNK,65439,77039,-,-,-,-,
4,SBST,1,TRUNK,75009,75009,10-12,10-13,10-14,10-13,Changi Nth Way
40,SBST,1,TRUNK,84009,84009,13-14,13-18,15-18,18-23,Merpati Rd
400,SBST,1,TRUNK,03239,03239,30-30,30-30,20-30,30-30,Marina Coastal Dr
401,SBST,1,TRUNK,84009,84009,-,20-20,20-20,20-20,Fort Rd
410G,SBST,1,FEEDER,53009,53009,04-06,05-12,06-06,06-14,Shunfu Rd
410W,SBST,1,FEEDER,53009,53009,05-06,05-10,04-05,04-12,Shunfu Rd
42,SBST,1,TRUNK,83321,83321,10-12,10-14,11-14,10-13,Fidelio St
45,SBST,1,TRUNK,94009,55009,08-14,10-17,10-11,11-18,
45,SBST,2,TRUNK,55009,94009,11-14,08-17,09-12,12-18,
45A,SBST,1,TRUNK,63291,62139,06-18,-,-,-,
46,SBST,1,TRUNK,94009,77009,12-12,12-15,12-13,13-25,
46,SBST,2,TRUNK,77009,94009,11-12,14-15,11-12,15-22,
47,SBST,1,TRUNK,97009,97009,09-10,09-15,10-10,14-15,Amber Rd
48,SBST,1,TRUNK,84299,11379,07-09,08-17,12-13,13-18,
48,SBST,2,TRUNK,11379,84299,09-12,09-16,08-18,15-18,
5,SBST,1,TRUNK,77009,10009,07-12,10-17,13-14,15-18,
5,SBST,2,TRUNK,10009,77009,10-11,09-17,09-17,14-17,
50,SBST,1,TRUNK,53009,65009,07-12,05-14,05-15,10-15,
50,SBST,2,TRUNK,65009,53009,06-12,06-13,08-10,12-15,
506,SBST,1,EXPRESS,28009,66009,14-15,16-21,16-24,21-24,
506,SBST,2,EXPRESS,66009,28009,16-23,15-21,18-18,16-20,
50A,SBST,1,TRUNK,65529,54399,-,-,-,-,
51,SBST,1,TRUNK,64009,28009,10-12,08-17,13-16,13-16,
51,SBST,2,TRUNK,28009,64009,11-15,08-15,09-17,14-17,
513,SBST,1,EXPRESS,75129,03218,12-13,-,-,-,
513,SBST,2,EXPRESS,03222,75121,-,-,15-15,-,
51A,SBST,1,TRUNK,28009,20191,-,-,-,17-17,
52,SBST,1,TRUNK,53009,28009,11-13,12-15,11-15,13-16,
52,SBST,2,TRUNK,28009,53009,11-17,09-17,11-20,14-20,
53,SBST,1,TRUNK,53009,53009,08-10,06-11,08-12,09-12,PTB2 Basement
53A,SBST,1,TRUNK,77289,95129,50-50,-,-,-,PTB2 Basement
53M,SBST,1,TRUNK,63261,63269,03-13,05-22,04-21,05-21,S'goon Ctrl
54,SBST,1,TRUNK,53009,10499,11-12,12-15,13-14,13-18,
54,SBST,2,TRUNK,10499,53009,14-18,10-15,10-19,12-21,
55,SBST,1,TRUNK,53009,94009,08-10,09-16,12-16,13-17,
55,SBST,2,TRUNK,94009,53009,08-11,10-15,08-11,14-18,
55B,SBST,1,TRUNK,53009,54381,-,35-35,43-44,14-15,
56,SBST,1,TRUNK,53009,02089,10-12,11-17,14-15,17-25,
56,SBST,2,TRUNK,02101,53009,13-14,11-17,14-15,15-24,
57,SBST,1,TRUNK,53009,10009,08-12,09-15,12-16,13-16,
57,SBST,2,TRUNK,10009,53009,11-13,11-14,10-14,14-15,
58,SBST,1,TRUNK,53009,77009,08-12,09-18,10-16,17-18,
58,SBST,2,TRUNK,77009,53009,08-10,07-18,07-14,14-17,
58A,SBST,1,TRUNK,62131,75351,-,-,-,-,
58B,SBST,1,TRUNK,77009,70281,-,-,-,-,
59,SBST,1,TRUNK,53009,99009,09-12,11-17,13-15,15-17,
59,SBST,2,TRUNK,99009,53009,08-13,10-17,08-19,15-18,
5A,SBST,1,TRUNK,98319,96049,24-28,-,-,-,
5B,SBST,1,TRUNK,96169,98311,-,-,44-44,-,
60,SBST,1,TRUNK,82009,82009,06-09,08-11,09-11,07-13,Bedok Nth Dr
60A,SBST,1,TRUNK,82009,84511,-,-,10-11,11-35,
60T,SBST,1,TRUNK,82009,84009,-,-,-,16-17,
63,SBST,1,TRUNK,82009,82009,07-09,08-16,09-14,09-14,Jln Rumah Tinggi
63A,SBST,1,TRUNK,82009,10599,-,-,-,12-12,Jln Rumah Tinggi
63M,SBST,1,TRUNK,82009,82009,08-14,13-18,14-16,14-24,Circuit Rd
64,SBST,1,TRUNK,80289,80289,12-14,11-17,15-15,11-16,Mei Ling St
65,SBST,1,TRUNK,75009,14009,09-09,09-12,10-11,10-11,
65,SBST,2,TRUNK,14009,75009,08-11,08-12,12-12,09-13,
652,SBST,1,CITY_LINK,56021,03218,08-09,-,-,-,
652,SBST,2,CITY_LINK,03241,56029,-,-,15-15,-,
654,SBST,1,CITY_LINK,67319,03218,05-05,-,-,-,
654,SBST,2,CITY_LINK,03241,67311,-,-,07-08,-,
655,SBST,1,CITY_LINK,20129,03391,10-10,-,-,-,
655,SBST,2,CITY_LINK,03539,20121,-,-,15-15,-,
660,SBST,1,CITY_LINK,66481,03218,05-06,-,-,-,
660,SBST,2,CITY_LINK,03241,66489,-,-,15-15,-,
667,SBST,1,CITY_LINK,17201,03391,15-15,-,-,-,
667,SBST,2,CITY_LINK,03539,17201,-,-,15-15,-,
668,SBST,1,CITY_LINK,54469,03391,06-07,-,-,-,
668,SBST,2,CITY_LINK,03539,54461,-,-,15-15,-,
671,SBST,1,CITY_LINK,65011,03391,20-20,-,-,-,
671,SBST,2,CITY_LINK,03539,65019,-,-,15-15,-,
672,SBST,1,CITY_LINK,64431,03391,15-15,-,-,-,
672,SBST,2,CITY_LINK,03539,64561,-,-,15-15,-,
69,SBST,1,TRUNK,75009,75009,06-07,05-12,06-08,09-25,Bedok Nth Dr
7,SBST,1,TRUNK,84009,17009,10-11,02-13,10-14,08-13,
7,SBST,2,TRUNK,17009,84009,09-12,08-12,07-12,10-13,
70,SBST,1,TRUNK,55509,03239,06-07,07-15,06-07,-,
70,SBST,2,TRUNK,03239,55509,08-12,07-14,07-09,08-10,
70A,SBST,1,TRUNK,55509,02171,-,-,-,15-15,Temasek Ave
70B,SBST,1,TRUNK,55101,66359,18-27,-,-,-,
70M,SBST,1,TRUNK,55509,55509,13-14,13-15,13-15,13-15,Temasek Ave
71,SBST,1,TRUNK,55509,55509,12-12,15-15,12-15,12-15,Bishan St 11
72,SBST,1,TRUNK,55509,75009,05-08,05-10,04-06,07-14,
72,SBST,2,TRUNK,75009,55509,05-08,03-10,04-07,04-13,
72A,SBST,1,TRUNK,55509,64549,10-57,48-48,-,-,
72B,SBST,1,TRUNK,55509,54481,01-04,01-04,-,-,
73,SBST,1,TRUNK,54009,54009,10-12,09-12,09-11,10-12,Lor 6 Toa Payoh
73T,SBST,1,TRUNK,54009,52009,-,-,-,10-10,Lor 6 Toa Payoh
74,SBST,1,TRUNK,64009,11379,05-12,05-13,05-11,10-12,
74,SBST,2,TRUNK,11379,64009,06-13,05-13,09-13,09-13,
76,SBST,1,TRUNK,55509,82009,10-11,11-14,10-14,14-15,
76,SBST,2,TRUNK,82009,55509,10-11,10-14,10-11,09-15,
7A,SBST,1,TRUNK,84009,09022,-,-,-,-,
7B,SBST,1,TRUNK,17009,08057,-,-,-,-,
8,SBST,1,TRUNK,75009,52009,06-08,05-15,08-12,12-18,
8,SBST,2,TRUNK,52009,75009,05-07,06-15,07-09,08-18,
80,SBST,1,TRUNK,67009,14009,09-14,10-16,13-15,18-19,
80,SBST,2,TRUNK,14009,67009,09-13,10-18,14-18,16-18,
800,SBST,1,FEEDER,59009,59009,06-08,06-08,06-08,07-09,Sembawang Rd
803,SBST,1,FEEDER,59009,59009,06-08,05-08,05-08,04-09,Yishun Ave 6
804,SBST,1,FEEDER,59009,59009,05-07,04-06,04-06,05-09,Yishun Ave 11
805,SBST,1,FEEDER,59009,59009,06-06,07-09,06-08,06-10,Yishun Ave 1
806,SBST,1,FEEDER,59009,59009,03-04,04-06,03-05,03-11,Yishun Ave 6
807,SBST,1,FEEDER,59009,59009,03-06,03-07,03-05,04-13,Yishun Ave 5
807A,SBST,1,FEEDER,59009,59569,05-12,04-06,-,-,
807B,SBST,1,FEEDER,59009,59309,05-06,-,-,-,
80A,SBST,1,TRUNK,67009,81089,09-34,12-24,-,-,
81,SBST,1,TRUNK,75009,75009,10-11,08-11,08-15,13-17,S'goon Ctrl
811,SBST,1,FEEDER,59009,59009,04-06,04-06,04-07,05-07,Yishun Ave 5
811A,SBST,1,FEEDER,59009,59159,-,-,04-32,-,Sembawang Rd
811T,SBST,1,FEEDER,59009,59009,-,-,-,07-08,Yishun Ave 5
812,SBST,1,FEEDER,59009,59009,05-08,05-08,06-09,05-12,Yishun Ave 4
812T,SBST,1,FEEDER,59009,59009,-,-,-,10-10,Yishun Ave 4
850E,SBST,1,EXPRESS,59581,03218,05-08,-,-,-,
850E,SBST,2,EXPRESS,03222,59579,-,-,15-15,-,
851,SBST,1,TRUNK,59009,10009,07-09,07-12,07-13,12-13,
851,SBST,2,TRUNK,10009,59009,08-10,09-12,08-10,07-13,
851e,SBST,1,EXPRESS,59009,05019,30-30,30-30,-,-,
851e,SBST,2,EXPRESS,05012,59009,-,30-30,30-30,30-30,
852,SBST,1,TRUNK,59009,43009,11-15,13-15,14-15,14-15,
852,SBST,2,TRUNK,43009,59009,11-14,11-15,12-15,14-15,
86,SBST,1,TRUNK,67009,54009,07-10,10-13,09-12,11-23,
86,SBST,2,TRUNK,54009,67009,10-14,09-13,10-13,10-25,
860,SBST,1,TRUNK,55509,55509,10-14,12-15,09-12,10-18,Yishun Ave 2
860T,SBST,1,TRUNK,55509,59009,-,-,-,12-13,Yishun Ave 2
86A,SBST,1,TRUNK,68119,55189,08-35,-,-,-,
86B,SBST,1,TRUNK,55181,68111,-,-,11-32,-,
87,SBST,1,TRUNK,67009,84009,05-07,04-16,05-08,05-17,
87,SBST,2,TRUNK,84009,67009,05-07,05-13,04-13,15-18,
88,SBST,1,TRUNK,77009,52009,06-09,06-12,06-10,09-12,
88,SBST,2,TRUNK,52009,77009,08-10,06-14,07-12,10-12,
88A,SBST,1,TRUNK,65069,54269,06-06,-,-,-,
88B,SBST,1,TRUNK,54261,66471,09-35,-,-,-,
89,SBST,1,TRUNK,64009,64009,07-10,06-14,06-16,17-19,Airport Cargo Rd
89A,SBST,1,TRUNK,65199,95039,08-08,-,-,-,Airport Cargo Rd
89e,SBST,1,EXPRESS,64009,95049,06-08,-,-,-,
89e,SBST,2,EXPRESS,95051,64009,-,-,10-12,-,
9,SBST,1,TRUNK,84009,84009,05-09,05-12,07-16,15-18,Airport Cargo Rd
90,SBST,1,TRUNK,52009,52009,11-12,07-17,07-11,17-21,Airport Rd
90A,SBST,1,TRUNK,52009,71189,12-46,17-17,-,-,Airport Rd
91,SBST,1,TRUNK,11379,11379,08-15,08-19,10-12,10-11,Ayer Rajah Cres
92,SBST,1,TRUNK,11009,11009,06-08,07-15,06-08,07-12,
92A,SBST,1,TRUNK,11369,18281,-,-,-,17-17,
93,SBST,1,TRUNK,14009,82009,12-13,12-16,13-14,15-23,
93,SBST,2,TRUNK,82009,14009,10-13,13-17,14-15,14-24,
94,SBST,1,TRUNK,82009,82009,09-11,08-18,08-08,13-13,Airport Rd
94A,SBST,1,TRUNK,82009,73019,10-11,-,-,-,Airport Rd
95,SBST,1,TRUNK,16009,16009,08-10,08-12,09-11,12-25,Holland Rd
95B,SBST,1,TRUNK,16009,11361,-,-,21-43,-,
99,SBST,1,TRUNK,17009,24009,07-08,06-10,07-08,09-11,
99,SBST,2,TRUNK,24009,17009,06-08,05-10,07-08,11-15,
993,SBST,1,TRUNK,28009,28009,15-15,20-20,15-20,15-20,Bt Batok West Ave 8
9A,SBST,1,TRUNK,84009,98011,-,-,-,48-48,
9B,SBST,1,TRUNK,96169,95051,35-35,-,-,-,
110,SMRT,1,TRUNK,67759,67759,09-10,10-13,11-12,12,PTB2 Basement
172,SMRT,1,TRUNK,44009,22009,06-07,05-13,06-09,09-12,
172,SMRT,2,TRUNK,22009,44009,06-07,05-13,07-09,10-13,
176,SMRT,1,TRUNK,45009,10009,07-09,06-14,08-11,12-15,
176,SMRT,2,TRUNK,10009,45009,08-09,07-14,06-09,08-14,
178,SMRT,1,TRUNK,46009,22009,07-15,11-15,13-14,14-18,
178,SMRT,2,TRUNK,22009,46009,13-14,13-15,14-15,15-17,
178A,SMRT,1,TRUNK,46009,45139,14-42,-,-,-,
179,SMRT,1,TRUNK,22009,22009,04-08,02-06,04-06,05-07,Nanyang Dr
179A,SMRT,1,TRUNK,22009,22009,02-07,04-07,-,-,Nanyang Dr
180,SMRT,1,TRUNK,22009,22009,04-09,08-13,05-11,10-12,Bt Panjang Rd
180A,SMRT,1,TRUNK,22009,44259,-,-,24-52,10,
181,SMRT,1,TRUNK,22009,22009,06-07,06-10,07-08,07-10,Jurong West Ave 3
181M,SMRT,1,TRUNK,22009,22009,06-07,-,-,-,Jurong West St 23
182,SMRT,1,TRUNK,24009,24009,07-10,08-17,-,17-22,Tuas Sth Ave 9
182M,SMRT,1,TRUNK,24009,24009,-,07-18,08-11,11-21,Tuas Sth Ave 9
184,SMRT,1,TRUNK,44989,44989,06-08,06-09,06-09,07-11,C'wealth Ave West
185,SMRT,1,TRUNK,22609,11379,09-15,09-17,11-14,13-14,
185,SMRT,2,TRUNK,11379,22609,09-14,09-15,09-18,13-17,
187,SMRT,1,TRUNK,46009,22009,07-09,05-11,07-13,09-13,
187,SMRT,2,TRUNK,22009,46009,06-08,06-10,06-09,07-13,
188,SMRT,1,TRUNK,44009,14009,05-10,07-16,07-13,13-14,
188,SMRT,2,TRUNK,14009,44009,09-14,07-16,07-08,08-14,
188e,SMRT,1,EXPRESS,44009,14009,15,-,-,-,
190,SMRT,1,TRUNK,44009,10499,02-05,04-07,06-07,07-11,
190,SMRT,2,TRUNK,10499,44009,08-11,04-07,04-06,05-08,
190A,SMRT,1,TRUNK,44009,08057,04-24,-,-,-,
192,SMRT,1,TRUNK,22009,25009,06-09,08-14,07-10,08-23,
192,SMRT,2,TRUNK,25009,22009,08-09,07-14,06-09,09-23,
193,SMRT,1,TRUNK,22009,25009,14-16,12-18,18-19,16-25,
193,SMRT,2,TRUNK,25009,22009,14-15,12-18,18-19,16-24,
194,SMRT,1,TRUNK,22009,22009,09-10,09-13,09-16,15-23,Jln Ahmad Ibrahim
199,SMRT,1,TRUNK,22009,22009,04-10,04-16,07-10,10-15,Nanyang Cres
240,SMRT,1,FEEDER,22009,22009,06-08,04-08,05-08,07-09,Jln Ahmad Ibrahim
240A,SMRT,1,FEEDER,21581,28091,06-15,-,-,-,
240M,SMRT,1,TRUNK,28091,28099,17-19,-,14-21,-,Jurong West St 64
241,SMRT,1,FEEDER,22009,22009,04-07,04-10,06-08,06-09,Jurong West St 91
241A,SMRT,1,FEEDER,27271,22529,04-16,07-14,-,-,Jurong West St 91
242,SMRT,1,FEEDER,22009,22009,04-06,05-10,05-06,06-10,Jurong West Ave 5
243G,SMRT,1,FEEDER,22009,22009,05-06,03-06,04-04,04-08,Jurong West Ave 5
243W,SMRT,1,FEEDER,22009,22009,05-08,03-07,03-05,03-10,Jurong West Ave 5
246,SMRT,1,INDUSTRIAL,22009,22009,12-13,11-16,11-14,15-23,Boon Lay Dr
247,SMRT,1,INDUSTRIAL,25009,25009,10-13,13-18,15-16,17-25,Tuas Bay Link
248,SMRT,1,INDUSTRIAL,25009,25009,-,12-16,-,16-23,Tuas Sth Ave 14
248M,SMRT,1,TRUNK,25009,25009,12-13,13-17,12-15,16-16,Tuas Sth Way
249,SMRT,1,INDUSTRIAL,22009,22009,05-07,07-17,06-09,08-25,Jln Samulun
249A,SMRT,1,TRUNK,22009,22331,09-13,-,-,-,Tg Kling Rd
251,SMRT,1,INDUSTRIAL,22009,22009,06-08,07-14,08-11,11-21,Shipyard Rd
252,SMRT,1,TRUNK,22009,22009,07-10,09-17,10-10,10-24,Joo Koon Rd
253,SMRT,1,INDUSTRIAL,24009,24009,09-10,10-14,10-12,12-24,Benoi Rd
254,SMRT,1,TRUNK,24009,24009,07-10,08-16,08-13,13-24,Tuas Ave 11
255,SMRT,1,INDUSTRIAL,24009,24009,06-07,07-13,08-10,10-23,Gul Cres
257,SMRT,1,INDUSTRIAL,24009,24009,07-07,08-16,08-09,10-23,Pioneer Sector 2
258,SMRT,1,TRUNK,24009,24009,11-14,12-14,11-14,11-24,Jurong West St 64
300,SMRT,1,FEEDER,44009,44009,05-05,04-06,03-05,05-10,Choa Chu Kang Ave 3
301,SMRT,1,FEEDER,44009,44009,06-08,06-09,06-08,07-10,Keat Hong Cl
302,SMRT,1,FEEDER,44009,44009,03-05,04-06,04-06,06-10,Choa Chu Kang Cres
302A,SMRT,1,FEEDER,45321,45329,06-13,-,06-24,-,
307,SMRT,1,FEEDER,44009,44009,05-07,04-09,06-07,07-12,Choa Chu Kang St 62
307,SMRT,2,FEEDER,,,05-07,04-09,06-07,07-12,Choa Chu Kang St 62
307A,SMRT,1,FEEDER,44009,44531,10-15,10-32,10-12,10-34,Choa Chu Kang St 62
307T,SMRT,1,FEEDER,44531,44009,09-13,10-33,10-12,10-44,
405,SMRT,1,TRUNK,22009,22009,22-22,25-26,-,-,Old Choa Chu Kang Rd
502,SMRT,1,EXPRESS,22609,22609,15-15,14-21,14-22,18-22,Central Blvd
502A,SMRT,1,EXPRESS,22609,03529,20-20,-,-,-,
61,SMRT,1,TRUNK,43009,82009,07-09,09-14,10-13,10-15,
61,SMRT,2,TRUNK,82009,43009,08-13,09-15,08-15,11-15,
665,SMRT,1,CITY_LINK,46141,03218,08,-,-,-,
665,SMRT,2,CITY_LINK,03241,46149,-,-,15,-,
67,SMRT,1,TRUNK,44009,75009,08-09,08-11,10-11,09-11,
67,SMRT,2,TRUNK,75009,44009,08-09,08-11,10-12,09-10,
75,SMRT,1,TRUNK,44989,10009,08-11,10-15,15,14-15,
75,SMRT,2,TRUNK,10009,43991,11-14,09-14,08-11,12-16,
868E,SMRT,1,EXPRESS,43581,02161,15,-,-,-,
900,SMRT,1,FEEDER,46009,46009,04-05,04-06,05-06,04-10,Woodlands Ave 1
901,SMRT,1,FEEDER,46009,46009,08-09,08-10,07-09,08-20,Woodlands Ave 6
901M,SMRT,1,FEEDER,46009,46009,08-09,08-10,07-09,08-20,Woodlands Ave 7
902,SMRT,1,FEEDER,46009,46269,02-03,02-03,-,-,
903,SMRT,1,FEEDER,46009,46009,02-06,06-07,02-07,03-10,Woodlands Ctr Rd
903M,SMRT,1,FEEDER,46009,46009,24,-,21-22,-,Marsiling Lane
904,SMRT,1,FEEDER,46009,46009,08-10,09-13,08-09,08-13,Woodlands Cres
911,SMRT,1,FEEDER,46009,46009,03-07,02-06,03-07,03-09,Woodlands Ave 2
911,SMRT,2,FEEDER,,,03-07,02-06,03-07,03-09,Woodlands Ave 2
911A,SMRT,1,FEEDER,46008,46589,-,-,8-18,4-19,Woodlands St 13
911T,SMRT,1,FEEDER,46008,46009,02-10,02-10,02-22,13-22,
912,SMRT,1,FEEDER,46009,46009,23-26,21-25,22-25,20-25,Woodlands Ave 7
912A,SMRT,1,FEEDER,46009,46008,05-06,07-09,05-08,06-10,Woodlands Ave 7
912B,SMRT,1,FEEDER,46008,46009,01-12,08-11,04-11,08-11,Woodlands Ctr Rd
912M,SMRT,1,FEEDER,46008,46009,20,-,20,-,Woodlands St 41
913,SMRT,1,FEEDER,46009,46009,03-07,02-07,02-07,03-10,Woodlands Circle
913M,SMRT,1,FEEDER,46008,46009,15-20,15-20,15-20,20,Woodlands St 13
913T,SMRT,1,FEEDER,46008,46009,02-10,03-14,03-14,02-15,
920,SMRT,1,FEEDER,45009,45009,07-10,08-12,06-08,07-12,Bangkit Rd
922,SMRT,1,FEEDER,45009,45009,06-08,06-10,06-07,07-11,Bangkit Rd
925,SMRT,1,TRUNK,47009,44009,05-10,09-15,11-14,12-13,
925,SMRT,2,TRUNK,44009,47009,09-12,08-15,08-12,12,
925A,SMRT,1,TRUNK,47009,49199,14-19,-,-,-,
925M,SMRT,1,TRUNK,47009,47009,10-11,10-12,10-13,13,Neo Tiew Cres
927,SMRT,1,TRUNK,44009,44009,13,12-17,13-14,13-18,Mandai Lake Rd
950,SMRT,1,TRUNK,47009,47009,11-12,09-13,11-13,11-12,Jln Jim Quee
951E,SMRT,1,EXPRESS,46449,03218,06-08,-,-,-,
951E,SMRT,2,EXPRESS,03222,46441,-,-,15,-,
960,SMRT,1,TRUNK,46009,02089,07-09,09-12,09-10,10-15,
960,SMRT,2,TRUNK,02101,46009,09-10,08-12,09-10,08-14,
960e,SMRT,1,EXPRESS,46009,02089,30-60,30-60,30-60,-,
960e,SMRT,2,EXPRESS,02101,46009,-,30,30,30,
961,SMRT,1,TRUNK,47009,80009,07-11,07-15,11-15,12-15,
961,SMRT,2,TRUNK,80009,47009,11-13,08-13,08-12,11-16,
961M,SMRT,1,TRUNK,47009,80009,12-14,10-12,11-14,14-15,
961M,SMRT,2,TRUNK,80009,47009,14,08-13,13-14,14-16,
962,SMRT,1,TRUNK,46009,46009,07-08,05-10,07-08,09-10,Admiralty St
962B,SMRT,1,TRUNK,58259,58251,29-31,-,26-34,-,
962C,SMRT,1,TRUNK,47571,47591,08-09,-,-,-,
964,SMRT,1,TRUNK,46009,46009,04-05,04-09,03-05,05-13,Nth Woodlands Link
970,SMRT,1,TRUNK,45009,03239,11-15,10-17,10-18,15-18,
970,SMRT,2,TRUNK,03239,45009,15,08-16,11-13,12-16,
972,SMRT,1,TRUNK,45009,45009,04-11,08-16,05-09,11-19,Bencoolen St
972A,SMRT,1,TRUNK,45009,08057,-,-,-,17,
972M,SMRT,1,TRUNK,45009,45009,08-10,12-18,09-11,24-25,Bencoolen St
973,SMRT,1,TRUNK,45009,45009,10-13,12,10-12,10-15,Hume Ave
973A,SMRT,1,TRUNK,45009,44229,-,-,-,20,
974,SMRT,1,TRUNK,24009,24009,12-15,13-15,12-13,14-16,Upp Bt Timah Rd
974A,SMRT,1,TRUNK,24009,44539,-,-,-,15-15,Upp Bt Timah Rd
975,SMRT,1,TRUNK,45009,45009,07,07-11,06-09,09-12,Lim Chu Kang Rd
975A,SMRT,1,TRUNK,44531,30089,16-32,-,-,-,
975B,SMRT,1,TRUNK,44531,33041,12-44,-,08-28,09-80,
975C,SMRT,1,TRUNK,45009,34009,-,-,-,10,
976,SMRT,1,TRUNK,44009,45009,10-15,12-17,15,14-18,
976,SMRT,2,TRUNK,45009,44009,10-15,13-17,15,15-16,
979,SMRT,1,TRUNK,45009,45009,04-06,06-11,05-07,06-13,Choa Chu Kang Cres
982E,SMRT,1,EXPRESS,44589,03391,15,-,-,-,
982E,SMRT,2,EXPRESS,03539,44581,-,-,15,-,
983,SMRT,1,TRUNK,44009,44009,04-05,05-10,04-07,05-11,Jelebu Rd
983A,SMRT,1,TRUNK,44009,44131,-,-,-,15-20,
983M,SMRT,1,TRUNK,44551,44969,20,-,-,-,
985,SMRT,1,TRUNK,44009,80009,08-11,10-15,12-13,12-14,
985,SMRT,2,TRUNK,80009,44009,09-11,09-13,10-11,12-13,
991,SMRT,1,TRUNK,43009,44009,08-11,10-12,07-09,08-15,
991,SMRT,2,TRUNK,44009,43009,08-10,09-11,08-10,08-15,
991A,SMRT,1,TRUNK,43009,43341,-,-,-,15,
991B,SMRT,1,TRUNK,44009,44099,-,-,-,18-19,
991C,SMRT,1,TRUNK,44079,43579,22-30,-,-,-,
106,TTS,1,TRUNK,43009,03239,08-09,07-13,11-15,13-15,
106,TTS,2,TRUNK,03239,43009,11-12,08-15,09-14,12-14,
106A,TTS,1,TRUNK,43009,17179,09-09,09-09,-,-,
143,TTS,1,TRUNK,52009,28009,11-13,10-13,12-16,16-18,
143,TTS,2,TRUNK,28009,52009,11-14,11-15,15-15,13-15,
143M,TTS,1,TRUNK,28009,28009,15-18,14-18,14-16,16-19,Pandan Gdns
167,TTS,1,TRUNK,58009,10009,30-30,30-30,30-30,30-30,
167,TTS,2,TRUNK,10009,58009,30-30,30-30,30-30,30-30,
169,TTS,1,TRUNK,46009,54009,06-09,05-09,06-12,09-12,
169,TTS,2,TRUNK,54009,46009,06-09,06-09,06-08,09-12,
169A,TTS,1,TRUNK,46009,59073,07-07,-,-,-,
169B,TTS,1,TRUNK,46009,46711,12-12,-,-,-,
171,TTS,1,TRUNK,59009,59009,10-13,11-13,10-13,11-14,Upp Bt Timah Rd
173,TTS,1,TRUNK,43009,43009,10-10,10-14,10-15,15-22,Clementi Ave 3
173A,TTS,1,TRUNK,43009,43169,-,-,-,25-25,
177,TTS,1,TRUNK,43009,43009,13-15,12-12,14-15,-,Jelebu Rd
183,TTS,1,TRUNK,28009,28009,06-08,07-16,07-13,13-23,Science Pk Rd
183B,TTS,1,TRUNK,28009,28189,08-16,08-08,-,-,
189,TTS,1,TRUNK,43009,43009,05-05,06-06,06-10,15-21,Clementi Ave 1
189A,TTS,1,TRUNK,43009,43319,08-15,08-09,-,23-23,
282,TTS,1,FEEDER,17009,17009,06-12,11-14,06-12,06-15,Clementi West St 2
284,TTS,1,FEEDER,17009,17009,07-08,07-10,07-07,06-09,Clementi Ave 4
285,TTS,1,FEEDER,17009,17009,06-07,06-13,07-09,09-15,Pandan Loop
333,TTS,1,FEEDER,28009,28009,06-10,09-15,08-10,07-15,Jurong East St 32
334,TTS,1,FEEDER,28009,28009,06-09,07-12,06-08,06-14,Jurong West St 42
335,TTS,1,FEEDER,28009,28009,07-08,09-15,07-12,07-15,Jurong West St 41
41,TTS,1,TRUNK,28009,28009,12-15,12-16,14-15,15-23,Jln Anak Bt
49,TTS,1,TRUNK,28009,28009,07-14,09-14,09-10,14-15,Jurong West St 42
651,TTS,1,CITY_LINK,27461,03391,15-15,-,-,-,
651,TTS,2,CITY_LINK,03539,27469,-,-,15-15,-,
653,TTS,1,CITY_LINK,43811,03391,10-10,-,-,-,
653,TTS,2,CITY_LINK,03539,43268,-,-,15-15,-,
656,TTS,1,CITY_LINK,58121,03218,20-20,-,-,-,
656,TTS,2,CITY_LINK,03241,58129,-,-,15-15,-,
657,TTS,1,CITY_LINK,28539,03391,15-15,-,-,-,
657,TTS,2,CITY_LINK,03539,28531,-,-,15-15,-,
66,TTS,1,TRUNK,28009,28009,07-08,12-16,07-08,14-15,Upp Bt Timah Rd
663,TTS,1,CITY_LINK,59591,03218,15-15,-,-,-,
663,TTS,2,CITY_LINK,03241,59599,-,-,15-15,-,
670,TTS,1,CITY_LINK,59219,03391,20-20,-,-,-,
670,TTS,2,CITY_LINK,03539,59211,-,-,15-15,-,
77,TTS,1,TRUNK,43009,02089,12-13,14-16,14-15,12-15,
77,TTS,2,TRUNK,02101,43009,14-15,13-15,14-15,12-15,
78,TTS,1,TRUNK,29009,29009,08-10,08-14,08-12,15-22,Clementi Ave 3
78A,TTS,1,TRUNK,29009,29121,08-24,-,-,-,
79,TTS,1,TRUNK,29009,29009,07-11,07-15,07-10,11-18,Jurong West Ctrl 3
79T,TTS,1,TRUNK,29009,22009,-,-,-,17-17,
801,TTS,1,FEEDER,59009,59009,08-14,12-15,08-12,08-16,Yishun Ave 1
825,TTS,1,TRUNK,55509,55509,09-10,10-20,09-15,09-11,Lentor Loop
853,TTS,1,TRUNK,59009,80009,10-15,12-15,13-13,13-18,
853,TTS,2,TRUNK,80009,59009,13-14,12-15,12-12,15-17,
853M,TTS,1,TRUNK,59009,94009,12-14,12-15,15-15,14-15,
853M,TTS,2,TRUNK,94009,59009,14-15,12-16,13-15,12-15,
854,TTS,1,TRUNK,59009,84009,05-07,07-11,08-08,11-13,
854,TTS,2,TRUNK,84009,59009,07-08,06-11,06-12,10-14,
854e,TTS,1,EXPRESS,59009,84009,20-20,-,-,-,
855,TTS,1,TRUNK,59009,14009,10-11,14-15,14-15,14-15,
855,TTS,2,TRUNK,14009,59009,13-14,12-15,12-12,13-15,
856,TTS,1,TRUNK,59009,46009,05-06,05-11,05-07,05-12,
856,TTS,2,TRUNK,46009,59009,04-06,06-10,06-08,05-12,
856A,TTS,1,TRUNK,46009,46069,-,-,06-24,05-08,
856B,TTS,1,TRUNK,46009,58159,13-28,10-26,-,-,
857,TTS,1,TRUNK,59009,59009,06-08,05-11,07-10,07-10,Temasek Ave
857A,TTS,1,TRUNK,59009,55081,-,-,-,-,
857B,TTS,1,TRUNK,59009,02161,73-73,-,-,12-13,
858,TTS,1,TRUNK,46009,46009,06-08,06-08,07-09,07-09,PTB2 Basement
858A,TTS,1,TRUNK,46009,59073,-,-,-,12-13,
858B,TTS,1,TRUNK,68111,68119,08-23,-,-,-,
859,TTS,1,TRUNK,58009,58009,09-11,10-11,10-11,10-14,Yishun Ave 2
859A,TTS,1,TRUNK,58009,58009,20-20,15-22,10-15,10-30,Admiralty Link
859B,TTS,1,TRUNK,58009,58009,10-11,10-22,10-15,10-20,Sembawang Cres
859T,TTS,1,TRUNK,58009,59009,-,-,-,15-15,
861,TTS,1,TRUNK,58009,58009,10-12,10-12,10-10,12-13,Yishun Ring Rd
861A,TTS,1,TRUNK,58009,59569,-,-,-,-,
870,TTS,1,TRUNK,29009,41009,10-13,12-13,10-10,10-15,
870,TTS,2,TRUNK,41009,29009,10-15,12-13,09-10,10-15,
871,TTS,1,TRUNK,41009,41009,12-12,12-12,12-12,12-14,Upp Bt Timah Rd
882,TTS,1,TRUNK,58009,58009,10-13,11-15,10-12,10-12,Sembawang Rd
882A,TTS,1,TRUNK,58009,58501,-,-,-,-,
883,TTS,1,TRUNK,58009,58009,06-09,08-13,08-13,07-15,Yishun Ctrl 2
883B,TTS,1,TRUNK,59079,58049,-,-,-,-,
883M,TTS,1,TRUNK,58009,58009,30-30,30-30,-,-,Sembawang Rd
941,TTS,1,FEEDER,43009,43009,06-09,08-12,06-10,06-14,Bukit Batok West Avenue 9
945,TTS,1,FEEDER,43009,43009,05-11,08-12,07-10,07-14,Bt Batok St 34
947,TTS,1,FEEDER,43009,43009,05-10,09-11,05-09,05-14,Bt Batok Rd
96,TTS,1,TRUNK,17009,17009,09-13,08-11,10-10,10-15,Kent Ridge Cres
963,TTS,1,TRUNK,46009,14009,06-14,09-14,10-14,12-16,
963,TTS,2,TRUNK,14009,46009,12-14,09-14,07-07,07-13,
963e,TTS,1,EXPRESS,46009,14009,20-20,-,-,-,
963e,TTS,2,EXPRESS,14009,46009,-,-,30-30,-,
965,TTS,1,TRUNK,47009,47009,09-12,09-13,10-13,11-13,Sengkang Sq
965A,TTS,1,TRUNK,47009,59073,08-10,-,-,-,
965T,TTS,1,TRUNK,47009,67009,-,-,-,12-13,
966,TTS,1,TRUNK,46009,46009,06-07,06-12,07-13,12-13,Marine Parade Rd
966A,TTS,1,TRUNK,46009,92041,-,-,-,15-15,
969,TTS,1,TRUNK,46009,75009,04-08,05-10,06-12,09-12,
969,TTS,2,TRUNK,75009,46009,07-10,05-10,06-07,06-10,
969A,TTS,1,TRUNK,75009,59079,-,-,-,07-07,
96A,TTS,1,TRUNK,17009,16169,09-09,08-09,-,-,
96B,TTS,1,TRUNK,16199,17171,-,10-10,10-21,-,
97,TTS,1,TRUNK,28009,02089,11-12,09-15,09-11,15-23,
97,TTS,2,TRUNK,02101,28009,13-13,09-15,11-14,15-25,
97e,TTS,1,EXPRESS,28009,02089,16-16,-,-,-,
97e,TTS,2,EXPRESS,02101,28009,-,-,24-24,-,
98,TTS,1,TRUNK,28009,28009,06-10,08-16,08-08,08-20,Jurong Pier Way
980,TTS,1,TRUNK,58009,80009,12-12,14-16,13-15,13-17,
980,TTS,2,TRUNK,80009,58009,12-13,13-16,14-14,13-16,
981,TTS,1,TRUNK,58009,47199,09-10,09-10,-,-,
981,TTS,2,TRUNK,47121,58009,-,-,10-10,10-10,
98A,TTS,1,TRUNK,28091,21179,-,-,08-16,08-18,
98B,TTS,1,TRUNK,28501,21099,05-52,-,-,-,
98M,TTS,1,TRUNK,28009,28009,-,17-18,-,12-17,Corporation Rd
990,TTS,1,TRUNK,43009,43009,11-11,13-15,12-14,12-14,Jurong Gateway Rd
992,TTS,1,TRUNK,43009,41009,03-09,08-12,04-08,04-13,
992,TTS,2,TRUNK,41009,43009,03-08,06-12,04-06,05-14,
